0 0
53 0.074
56 0.148
60 0.222
64 0.296
68 0.37
72 0.444
77 0.518
81 0.592
87 0.666
92 0.74
100 0.815
109 0.89
119 0.965
130 1.04
141 1.115
154 1.19
168 1.265
183 1.34
199 1.415
217 1.49
222 1.75
227 2.01
232 2.27
237 2.53
243 2.79
248 3.05
254 3.31
259 3.57
265 3.83
271 4.09
274 4.201
277 4.312
279 4.423
282 4.534
285 4.645
288 4.756
291 4.867
294 4.978
297 5.089
300 5.2
303 6.055
305 6.91
308 7.765
310 8.62
313 9.475
315 10.33
318 11.185
321 12.04
323 12.895
326 13.75
331 14.401
335 15.052
340 15.703
345 16.354
350 17.005
355 17.656
360 18.307
365 18.958
371 19.609
376 20.26
381 20.464
385 20.668
390 20.872
395 21.076
400 21.28
405 21.484
410 21.688
415 21.892
420 22.096
425 22.3
430 22.709
435 23.118
441 23.527
446 23.936
452 24.345
457 24.754
463 25.163
468 25.572
474 25.981
480 26.39
491 28.342
502 30.294
513 32.246
525 34.198
537 36.15
549 38.102
561 40.054
574 42.006
587 43.958
600 45.91
607 46.486
615 47.062
623 47.638
630 48.214
638 48.79
646 49.366
654 49.942
662 50.518
671 51.094
679 51.67
685 52.023
690 52.376
696 52.729
702 53.082
707 53.435
713 53.788
719 54.141
725 54.494
731 54.847
737 55.2
743 55.442
749 55.684
755 55.926
762 56.168
768 56.41
774 56.652
781 56.894
787 57.136
793 57.378
800 57.62
808 57.77
816 57.92
825 58.07
833 58.22
841 58.37
850 58.52
859 58.67
867 58.82
876 58.97
885 59.12
900 59.305
914 59.49
929 59.675
945 59.86
960 60.045
976 60.23
992 60.415
1009 60.6
1025 60.785
1042 60.97
1063 61.155
1085 61.34
1108 61.525
1130 61.71
1154 61.895
1177 62.08
1201 62.265
1226 62.45
1251 62.635
1277 62.82
1290 62.932
1303 63.044
1316 63.156
1330 63.268
1343 63.38
1357 63.492
1371 63.604
1385 63.716
1399 63.828
1413 63.94
1425 64.014
1436 64.088
1448 64.162
1460 64.236
1472 64.31
1484 64.384
1497 64.458
1509 64.532
1521 64.606
1534 64.68
1547 64.885
1559 65.09
1572 65.295
1585 65.5
1598 65.705
1611 65.91
1624 66.115
1637 66.32
1651 66.525
1664 66.73
1712 66.804
1762 66.878
1813 66.952
1865 67.026
1919 67.1
1975 67.174
2032 67.248
2091 67.322
2152 67.396
2214 67.47
2311 67.563
2412 67.656
2517 67.749
2627 67.842
2742 67.935
2862 68.028
2987 68.121
3118 68.214
3254 68.307
3396 68.4
3544 68.493
3699 68.586
3861 68.679
4030 68.772
4206 68.865
4390 68.958
4582 69.051
4783 69.144
4992 69.237
5210 69.33
5427 69.479
5652 69.628
5887 69.777
6132 69.926
6387 70.075
6653 70.224
6929 70.373
7217 70.522
7517 70.671
7830 70.82
9012 70.95
10373 71.08
11939 71.21
13741 71.34
15816 71.47
18203 71.6
20952 71.73
24115 71.86
27756 71.99
31946 72.12
32405 72.213
32871 72.306
33343 72.399
33822 72.492
34308 72.585
34801 72.678
35301 72.771
35808 72.864
36322 72.957
36844 73.05
37146 73.143
37450 73.236
37756 73.329
38065 73.422
38377 73.515
38691 73.608
39007 73.701
39327 73.794
39648 73.887
39973 73.98
40382 74.166
40796 74.352
41214 74.538
41636 74.724
42062 74.91
42493 75.096
42928 75.282
43367 75.468
43811 75.654
44260 75.84
44531 76.044
44804 76.248
45079 76.452
45356 76.656
45634 76.86
45913 77.064
46195 77.268
46478 77.472
46763 77.676
47050 77.88
47435 78.252
47823 78.624
48215 78.996
48609 79.368
49007 79.74
49408 80.112
49813 80.484
50221 80.856
50632 81.228
51046 81.6
52097 81.674
53169 81.748
54264 81.822
55381 81.896
56521 81.97
57684 82.044
58872 82.118
60084 82.192
61321 82.266
62583 82.34
63353 82.433
64132 82.526
64921 82.619
65720 82.712
66528 82.805
67347 82.898
68175 82.991
69014 83.084
69863 83.177
70722 83.27
71156 83.363
71592 83.456
72031 83.549
72473 83.642
72917 83.735
73364 83.828
73814 83.921
74266 84.014
74722 84.107
75180 84.2
75795 84.497
76416 84.794
77041 85.091
77672 85.388
78307 85.685
78948 85.982
79595 86.279
80246 86.576
80903 86.873
81565 87.17
83414 87.338
85305 87.506
87238 87.674
89216 87.842
91238 88.01
93306 88.178
95421 88.346
97584 88.514
99796 88.682
102058 88.85
103313 88.943
104584 89.036
105871 89.129
107173 89.222
108492 89.315
109826 89.408
111177 89.501
112545 89.594
113929 89.687
115331 89.78
116988 89.872
118669 89.964
120373 90.056
122103 90.148
123857 90.24
125636 90.332
127441 90.424
129272 90.516
131129 90.608
133013 90.7
135199 90.794
137421 90.888
139679 90.982
141975 91.076
144308 91.17
146680 91.264
149091 91.358
151541 91.452
154032 91.546
156563 91.64
159136 91.733
161752 91.826
164410 91.919
167112 92.012
169859 92.105
172651 92.198
175488 92.291
178373 92.384
181304 92.477
184284 92.57
186932 92.662
189618 92.754
192343 92.846
195107 92.938
197911 93.03
200755 93.122
203640 93.214
206566 93.306
209535 93.398
212546 93.49
215160 93.583
217805 93.676
220484 93.769
223195 93.862
225940 93.955
228718 94.048
231530 94.141
234377 94.234
237259 94.327
240177 94.42
244622 94.513
249150 94.606
253761 94.699
258458 94.792
263241 94.885
268113 94.978
273075 95.071
278129 95.164
283277 95.257
288520 95.35
302981 95.443
318166 95.536
334113 95.629
350858 95.722
368444 95.815
386910 95.908
406302 96.001
426666 96.094
448051 96.187
470507 96.28
492079 96.336
514641 96.392
538237 96.448
562914 96.504
588723 96.56
615716 96.616
643946 96.672
673470 96.728
704348 96.784
736642 96.84
754877 96.877
773563 96.914
792711 96.951
812333 96.988
832442 97.025
853048 97.062
874164 97.099
895802 97.136
917977 97.173
940700 97.21
1002039 97.303
1067379 97.396
1136978 97.489
1211116 97.582
1290088 97.675
1374210 97.768
1463817 97.861
1559267 97.954
1660940 98.047
1769244 98.14
1805665 98.196
1842837 98.252
1880773 98.308
1919490 98.364
1959005 98.42
1999332 98.476
2040490 98.532
2082496 98.588
2125366 98.644
2169118 98.7
2527289 98.83
2944602 98.96
3430822 99.09
3997329 99.22
4657379 99.35
5426418 99.48
6322443 99.61
7366423 99.74
8582787 99.87
10000000 100
