0 0
36 10.8913
77 22.0705
110 31.8856
158 40.6446
268 52.3994
313 60.2272
402 70.6643
573 80.1695
597 80.7286
623 81.2878
652 81.8469
683 82.406
717 82.9652
755 83.5243
796 84.0834
843 84.6426
896 85.2017
956 85.7608
1024 86.32
1053 86.5736
1084 86.8273
1117 87.081
1152 87.3347
1189 87.5884
1229 87.842
1271 88.0957
1317 88.3494
1365 88.6031
1418 88.8568
1475 89.1104
1536 89.3641
1603 89.6178
1676 89.8715
1755 90.1252
1843 90.3788
1940 90.6325
2048 90.8862
2092 90.9949
2137 91.1036
2185 91.2124
2234 91.3211
2286 91.4298
2341 91.5385
2398 91.6472
2458 91.7559
2521 91.8647
2587 91.9734
2657 92.0821
2731 92.1908
2809 92.2995
2891 92.4083
2979 92.517
3072 92.6257
3171 92.7344
3277 92.8431
3390 92.9519
3511 93.0606
3641 93.1693
3781 93.278
3932 93.3867
4096 93.4955
4163 93.5902
4233 93.6848
4304 93.7795
4378 93.8742
4455 93.9689
4535 94.0636
4617 94.1583
4703 94.253
4792 94.3477
4884 94.4424
4979 94.5371
5079 94.6318
5183 94.7265
5291 94.8211
5403 94.9158
5521 95.0105
6194 95.484
7054 95.9574
8293 96.4806
8957 96.7789
9735 97.0773
10663 97.3756
12214 97.7733
14292 98.1711
16699 98.4909
18091 98.5771
19962 98.674
22265 98.7709
25170 98.8679
28945 98.9648
33250 99.0485
35606 99.0857
40375 99.1477
47600 99.218
59500 99.2966
71930 99.3944
80798 99.4719
95133 99.5666
119156 99.6742
140605 99.7308
184125 99.7892
222540 99.8217
267387 99.8494
292759 99.8672
324761 99.8856
362969 99.9034
407188 99.9198
463677 99.9362
529425 99.9503
590136 99.9556
662487 99.9607
749820 99.9655
922664 99.9723
1240351 99.9798
1960314 99.9879
4883570 99.9962
10668901 99.9992
15158197 100
